   8.4509657e+00   4.2183489e+00   3.1952874e+00   8.6534399e+00   2.0378294e+00
   3.8028140e+00   6.7218349e+00   6.0845944e+00   7.3924315e+00   3.8421792e+00
   6.1791911e-01   6.9988024e+00   7.6596950e+00   5.0169449e+00   6.8237085e+00
   4.6111051e+00   3.2660962e+00   1.7932914e+00   4.2304216e+00   5.2906710e+00
   9.3862010e+00   2.7968826e+00   7.6404484e+00   9.6757416e+00   8.5044969e+00
   3.7387999e+00   2.8090445e+00   6.4763861e+00   7.1557441e+00   1.5211075e+00
   5.0270500e+00   7.2850541e+00   7.2335859e+00   4.7854847e-01   7.5274879e+00
   4.5036906e+00   6.0549989e+00   7.3963243e+00   4.7276480e+00   3.3174994e+00
   8.4125860e+00   1.5374190e+00   6.7835439e+00   5.3568777e-01   2.0020826e+00
   2.3980412e+00   7.8403338e+00   7.4060277e+00   3.6392044e+00   4.6192334e+00
   9.0880522e+00   6.5803074e+00   6.5829039e+00   5.2952233e+00   3.8512975e+00
   6.0700195e+00   3.4396864e+00   3.2539421e+00   3.2492322e+00   9.4141896e+00
   8.4275744e+00   6.9830425e+00   5.5929651e+00   7.6197064e+00   7.9960410e+00
   8.2895659e+00   2.4517149e+00   5.8865251e+00   7.4114741e+00   9.7307518e+00
   8.9058942e+00   3.6859864e+00   7.9656633e+00   3.4884763e+00   6.1845512e+00
   4.5885169e+00   6.8909683e+00   7.0933616e+00   6.1782966e+00   6.8068700e+00
   7.2078198e+00   3.8934147e+00   3.1792602e+00   6.4433888e+00   5.5087783e+00
   6.0614992e+00   7.8843211e+00   6.1700725e+00   8.2389566e+00   8.3105656e-02
   4.3693734e+00   7.8943831e+00   7.8325057e+00   4.0604281e+00   3.8353071e+00
   5.7076034e+00   6.6776407e+00   6.5625553e+00   2.1772904e+00   1.0335697e-03
   3.1074780e+00   2.5038178e+00   7.3785209e+00   5.5273378e+00   4.0196221e+00
   5.5001361e+00   7.7903664e+00   7.1470462e+00   7.8080486e+00   5.4486343e+00
   6.0862234e+00   3.5052555e+00   6.9618390e+00   5.9603788e+00   1.8292004e+00
   9.3342033e+00   7.2639718e+00   6.0965951e+00   2.6622696e+00   4.2092158e+00
   9.0473480e+00   2.8242293e+00   2.9872002e+00   8.8566204e+00   1.1324912e+00
   5.6159621e+00   7.2987427e+00   7.1557216e+00   5.9817033e-01   4.6018550e+00
   7.4276114e+00   6.4460730e+00   6.2558200e+00   1.2670765e+00   9.0791840e+00
   4.6869800e-02   8.1206835e+00   7.3034119e+00   7.9728075e+00   6.1550040e+00
   2.5844337e+00   7.2387300e+00   7.5658860e+00   8.4786454e+00   2.8762498e+00
   1.6153638e+00   4.3923783e+00   7.1219036e+00   9.8573983e+00   2.7045177e+00
   1.5854413e+00   6.6624459e+00   5.9514812e+00   4.9846898e-01   2.2897374e+00
   7.2413572e+00   2.6970086e+00   4.7957342e+00   2.8079282e+00   4.8415173e+00
   9.7025090e+00   7.3697619e+00   6.4484246e+00   6.3075814e+00   7.9108267e+00
   2.7750030e+00   4.0224704e+00   2.8222536e+00   4.1011645e+00   5.6308222e+00
   7.7614822e+00   1.9829818e+00   3.4432831e+00   7.5569637e+00   3.4837025e+00
   5.0650460e+00   2.5257474e+00   7.4390912e+00   7.9543023e-01   7.8785738e+00
   4.0094815e+00   3.2681313e+00   6.8330248e+00   7.6618771e+00   5.9214217e+00
   1.8748982e-01   3.1735799e+00   7.7478733e+00   1.2203725e+00   7.2125062e+00
   7.9955212e+00   7.2525198e+00   7.4925506e+00   6.7802610e+00   5.4028157e+00
   6.7588356e-01   3.5127772e+00   2.9860053e+00   4.8694034e+00   3.9970154e+00
   1.9207008e+00   2.7025507e+00   2.8882441e+00   3.5906060e+00   9.6703627e+00
   1.2525561e+00   7.6875104e+00   6.5061653e+00   5.6934845e+00   9.2200643e+00
   2.1240979e+00   6.5137268e+00   6.0334107e+00   5.1897117e+00   4.7631641e+00
   6.3617971e+00   7.0264627e+00   6.1439862e+00   3.1963501e-01   1.8397975e+00
   9.4092635e+00   3.0805161e+00   3.1793399e+00   7.3061679e+00   8.5548459e+00
   1.3852555e+00   4.2951458e+00   1.7444205e+00   7.4483228e+00   4.6039766e-01
   7.3706777e-01   3.5330886e+00   7.6353299e+00   6.7384453e+00   7.5588961e+00
   5.8157994e-01   2.7696089e+00   2.6496720e+00   7.6264865e+00   4.9495085e+00
   1.9877712e+00   2.0953767e+00   7.0309596e+00   9.4993430e+00   8.0794640e+00
   3.1738956e+00   3.4762394e+00   8.1616141e+00   5.0018769e+00   1.4570152e+00
   8.9062057e+00   3.0008214e+00   7.1971037e+00   8.7756547e+00   7.5766496e+00
   3.1526801e+00   6.4616086e+00   6.9918633e+00   6.5666319e+00   8.8395608e+00
   7.2213803e+00   2.9410678e+00   1.5400966e+00   6.2867034e+00   8.6660255e+00
   8.7496308e-01   2.3910307e+00   2.3325776e+00   3.7321896e+00   1.9937912e+00
   9.3175153e+00   3.2843089e+00   3.1597577e+00   7.9020237e+00   8.7751729e+00
   4.3997134e+00   7.6003900e+00   5.9586829e+00   8.1449128e-01   4.1308881e+00
   4.0105292e+00   3.2901154e+00   6.8862549e+00   3.4107754e+00   4.1848893e+00
   9.6572878e+00   3.1653636e+00   6.0762590e+00   4.9887095e+00   9.8179856e+00
   1.8739038e+00   1.8248987e+00   6.6253922e+00   1.1911340e+00   6.5445202e+00
   2.6952537e+00   5.5707365e+00   7.1240582e+00   9.2148691e+00   4.1867246e+00
   7.8634761e+00   3.2021822e+00   7.2868590e+00   3.3161183e+00   5.3359300e-01
   9.9729855e+00   7.2209873e+00   6.8422383e+00   1.2059220e-01   8.7212402e+00
   2.4551316e+00   2.8273268e+00   2.3532514e+00   9.0017338e+00   7.4441352e+00
   5.5396185e+00   2.9694221e+00   7.3369963e+00   5.6651627e+00   3.7497565e+00
   4.0025693e+00   4.1781848e+00   2.6182565e+00   4.5366840e+00   1.9816208e+00
   3.2062932e+00   2.7447692e+00   7.4329866e+00   5.1580500e+00   6.3959380e+00
   8.0156512e+00   3.0030788e+00   7.2832817e+00   5.7599931e+00   1.3163413e+00
   3.9470300e+00   3.5214274e+00   6.0360431e+00   6.7356770e+00   8.7798839e-01
   2.3678735e+00   3.0322456e+00   2.3988799e+00   8.1744137e-02   7.9736746e-01
   2.8826368e+00   2.1801882e+00   3.7238245e+00   6.7749538e+00   8.4678201e+00
   3.5737510e+00   6.8570457e+00   7.3096143e+00   7.2924969e+00   8.4675745e+00
   4.6039243e+00   3.2642109e+00   1.3628428e+00   7.8430425e-01   7.8211361e+00
   2.5523717e+00   2.4689701e+00   8.3303921e+00   1.5040689e+00   3.3871503e+00
   2.3307896e+00   6.2729896e+00   7.6435831e+00   7.9974375e+00   6.0038763e+00
   4.7366575e+00   3.8018265e+00   7.7498206e+00   8.4687705e+00   4.3403293e+00
   7.5955029e+00   2.4911310e+00   5.7685292e+00   1.1049465e+00   8.3588691e+00
   9.1895215e+00   2.8428820e+00   3.5609953e+00   2.2326311e+00   7.9113695e+00
   9.0005614e+00   6.7021519e+00   7.9681151e+00   7.8302126e+00   4.9095628e+00
   2.3264857e+00   3.5487918e+00   7.3118996e+00   5.3788625e+00   6.4795577e+00
   1.5320337e+00   3.3769768e+00   6.8125223e+00   5.4649506e+00   3.3525023e+00
   2.4810997e+00   6.5493180e+00   6.9544292e+00   9.2784962e+00   2.5459887e-01
   6.8116381e+00   2.5215326e+00   2.5932865e+00   9.7550707e+00   3.2342207e-01
   5.8837771e-01   3.5920044e+00   3.6930117e+00   9.2654580e+00   4.9432992e+00
   3.2154497e+00   2.7896285e+00   3.3668575e+00   5.1656955e+00   9.8724310e+00
   9.7290216e+00   2.9970060e+00   6.6536373e+00   8.3291630e+00   3.2504901e+00
   5.6290135e+00   2.7849684e+00   7.5608935e+00   8.2540208e+00   6.9539865e+00
   5.7194093e+00   2.7737832e+00   2.7036283e+00   6.8652021e+00   7.7419748e+00
   9.2447681e+00   2.9400064e+00   7.0417955e+00   3.0154566e+00   1.6270197e+00
   8.7862060e+00   7.9594445e+00   7.7201417e+00   4.9139275e+00   5.5278941e+00
   8.7412448e+00   2.8636386e+00   3.5034978e+00   4.2826953e-01   6.2332510e+00
   6.4445336e-01   8.6323284e+00   6.4353747e+00   9.3629626e+00   6.5178063e+00
   6.2368656e+00   7.0504519e+00   7.1338703e+00   1.9585230e+00   1.6511394e+00
   7.0104215e+00   7.3669798e+00   7.2915575e+00   7.8166553e+00   8.8015884e+00
   4.1841164e+00   2.6254656e+00   6.2817891e+00   7.5721501e+00   3.3436702e+00
   6.6242683e-01   7.5995282e+00   7.3713609e+00   9.5627588e+00   8.5551192e+00
   4.5548109e+00   3.9641142e+00   6.9669174e+00   6.6032680e+00   8.7834708e+00
   6.9727149e-01   2.2570390e+00   6.1164272e+00   1.4062771e+00   9.2393709e+00
   9.6914385e+00   7.0435660e+00   8.1605818e+00   5.3588565e+00   4.1960633e+00
   8.0596005e+00   6.8446138e+00   6.5751152e+00   6.9218979e+00   1.0074727e+00
   5.4553608e+00   2.9034786e+00   6.5574259e+00   2.8985308e+00   2.0569846e+00
   2.6951245e+00   2.9904335e+00   3.1854000e+00   8.2519924e+00   3.1028414e+00
   7.3468335e+00   3.0769481e+00   6.4639582e+00   2.1779376e+00   8.1538019e+00
   3.2493601e+00   2.6234804e+00   6.1518287e+00   3.6514644e+00   1.5483131e+00
   6.6618776e-01   2.8203465e+00   6.4046236e+00   9.7250668e+00   5.2565551e+00
   3.1219471e+00   2.3955979e+00   7.0660474e+00   2.7818909e+00   3.8555343e+00
   7.5480241e+00   3.5734886e+00   2.5592824e+00   6.1909858e+00   9.4026141e+00
   3.9219288e+00   3.5873789e+00   6.6292195e+00   4.1134882e+00   1.6997660e+00
   1.1793704e-01   3.1326689e+00   2.8451990e+00   7.1021877e+00   8.4385814e+00
   5.5623418e+00   7.8205572e+00   7.5810478e+00   2.5116827e+00   4.0751040e+00
   2.2474178e+00   6.1375735e+00   5.3515846e+00   3.7217985e+00   6.0069123e+00
   8.2727822e+00   2.5566422e+00   3.3265532e+00   6.4983192e+00   5.7899772e-01
   6.8745518e+00   3.3133494e+00   2.4552144e+00   9.3846747e-01   2.1668018e-01
   7.8890115e+00   3.7547341e+00   7.5005008e+00   9.9413021e+00   2.4258845e+00
   4.3309137e+00   3.6546665e+00   5.4890667e+00   8.9592638e+00   3.6189828e+00
   9.3532938e+00   3.6110060e+00   2.2126373e+00   1.4700415e+00   5.4735988e+00
   1.9472006e-01   3.6798452e+00   1.7988009e+00   8.7057479e+00   6.5445583e+00
   2.3850481e+00   3.5499007e+00   2.3899441e+00   9.1266880e+00   4.3873113e+00
   8.8333677e+00   3.6304502e+00   7.6030374e+00   1.2439680e+00   6.1407672e+00
   2.7998568e+00   2.6621897e+00   2.4113839e+00   5.9302700e+00   1.2707064e+00
   4.7146028e+00   3.5363870e+00   7.4072867e+00   1.1686800e+00   8.5984319e+00
   3.1666528e+00   3.3988458e+00   3.2584901e+00   8.5187365e+00   8.8334009e+00
   9.9785865e+00   2.5739528e+00   4.1956744e+00   4.3828979e+00   8.7693148e+00
   3.9368894e-01   2.8985083e+00   6.8976371e+00   1.7981290e+00   8.3967695e+00
   9.0393066e+00   5.7245396e+00   6.5094568e+00   7.2501346e+00   7.0052582e+00
   7.3614505e+00   6.7221243e+00   7.8276787e+00   1.1287931e+00   8.4424617e+00
   9.2177159e-01   1.9157467e+00   4.3714574e+00   9.5425076e-01   5.9888813e+00
   3.9459881e+00   4.0008591e+00   2.8229734e+00   4.0637432e+00   8.5148107e+00
   1.0642195e+00   2.5555186e+00   2.2654583e+00   9.7306709e-01   5.5627005e-01
   4.0872503e-01   3.0037370e+00   2.9238625e+00   2.9845853e+00   5.3873021e+00
   4.9571355e+00   3.2146838e+00   3.2727484e+00   2.3743133e+00   3.2178246e+00
   8.9925572e+00   7.3635547e+00   6.2974374e+00   4.5347218e+00   5.1101260e+00
   9.9345728e+00   3.4524324e+00   6.2519650e+00   5.3654209e+00   4.9846237e+00
   9.7871554e+00   3.2914619e+00   2.1193106e+00   5.3242301e+00   5.1334364e+00
   3.2708619e+00   7.5784571e+00   7.7022428e+00   7.7253881e+00   1.8497354e-01
   9.3381061e-01   6.9766361e+00   6.7056559e+00   5.4420883e+00   6.3604994e+00
   6.5320572e-01   3.9104557e+00   6.4247179e+00   8.2929175e+00   7.5620665e+00
   4.7525506e+00   2.3502618e+00   2.9204110e+00   9.0338793e+00   6.4925307e+00
   3.3009721e+00   3.1175717e+00   6.1934236e+00   6.0636963e-01   3.9206846e+00
   6.2155799e+00   2.6203935e+00   2.7289475e+00   8.7887959e+00   4.2982068e+00
   6.5035883e+00   3.9269652e+00   6.9887948e+00   1.6553460e+00   7.9077983e+00
   5.1977462e+00   6.9187580e+00   5.7991643e+00   4.9823420e-01   6.6131354e-01
   8.3036687e+00   2.9515477e+00   2.6351423e+00   8.1911196e-02   2.3796683e-01
   3.2863190e+00   7.5450671e+00   8.1698067e+00   7.9558769e+00   7.8240196e+00
   2.8512128e+00   2.3790262e+00   3.4629834e+00   3.3199650e+00   9.1799710e+00
   6.6173792e+00   6.2221858e+00   5.9567529e+00   8.0881506e-01   2.7156997e+00
   5.1364673e-01   6.7356852e+00   4.7279841e+00   6.1840518e+00   5.8840556e+00
   4.3595280e+00   7.4608879e+00   7.6771412e+00   3.6474673e+00   7.3479848e+00
   9.9512944e+00   1.3590350e+00   2.4625092e+00   8.2398942e+00   4.1134365e+00
   8.7935423e+00   3.5580772e+00   7.3089045e+00   5.9924635e+00   4.0638076e+00
   1.5229300e+00   3.5252466e+00   1.7723440e+00   1.3036691e+00   2.3454434e+00
